1
4
17
269
5736
590892
55905463
896504917
677137056
721034267
150275157
121376207
783506633
614553155
198581112
655492273
566075
79414290
637651480
131742826
28685308
20192619
286669979
431123001
390953344
594166708
707763764
792986007
932862569
221500462
684060583
123059924
933561436
682333400
980011651
634295231
372268467
840181404
776972156
430088683
584625654
606235351
65078185
946358397
962522723
823157478
994984660
301438372
352882847
217147306
456403084
348345200
987462211
925859186
32781958
216556386
563863416
486793215
481659417
479364147
558329485
949853741
136288532
471915582
286164153
800895178
104545426
838040474
794760410
357992988
181633831
426169474
423040379
612507438
896520398
231354634
363839636
782679157
569411287
70449148
586213744
134611990
752539989
711858697
177110476
99777874
90796223
885902929
533715330
123501558
23726190
809022134
134983681
873187263
473906330
110181506
304626649
306982151
958026630
332792866
686077187
887861202
327930261
11812563
249441602
65151786
620866899
308571027
649839659
975627687
188899245
427031931
355058130
87622256
780121450
986469782
434132580
822652476
248494180
673675029
401018080
121698397
261456973
832153468
128858272
507406435
995769603
386668094
426824623
173935144
993293888
541013092
861469431
279855642
346633541
870457800
696669571
485117573
685791155
496609715
806165694
317834246
397829399
606029967
518338831
574214115
890823005
327092139
452675474
168263766
749177868
120390100
204142839
349944411
24314173
449952412
768745535
304179909
457726932
323971031
771332135
267912470
287290770
964981090
851622084
668955176
826474671
479585387
957293334
994740655
512647565
520350419
815249049
180794532
154528397
144444894
764457606
650474357
870533963
528887757
992997273
960805577
935993021
785490119
484237578
691321687
534295311
187783506
946532855
626102676
187611740
696058124
821972862
512466496
843914411
451599686
774710190
545879204
410038896
271664942
102846491
699635856
168051950
786618349
854590478
970121806
642333631
420502127
158804466
658562851
580423655
948818042
368993428
279994345
849029984
476104646
423240110
379063569
893202956
324414251
729745950
814400537
136511875
472091276
365027191
33258259
890707449
715557762
607766163
35306253
2192420
141192136
720239501
144401545
201098335
609825662
177732965
196482119
43045041
792599638
658031881
751659845
779465470
232307219
834584709
577555206
49923811
928888279
989456567
440281634
520121848
363340672
540106903
440327822
347674631
515552231
531528662
542729209
484257719
777774623
741543513
855113685
652563928
244407666
650055269
450844431
706365750
987059856
422956596
630965056
745128394
232202900
216435419
88848435
524747582
704099273
820342218
271643507
527891398
833265565
255652894
10415070
659192409
618421793
888495249
768484024
837557359
684997187
602651928
604874282
669362578
735831281
930696436
486052231
684709529
192287649
258390810
236987581
954558486
694978846
305427060
723460087
667888287
641368683
363598230
56491953
975610290
305972177
482461922
653356403
632914333
939370023
665060632
611531253
893136291
579219225
760357640
986600479
228021734
21458001
643127540
191281100
675007597
652310084
893700112
444588904
445743652
452283360
208507120
671824930
776340329
321012803
708314382
196228341
41277906
63394112
985430584
136027559
270909203
443068966
52878221
461743201
571297843
561775537
858813632
332196308
785499751
211999233
318041400
941755365
458755406
142463589
604440524
386105003
768324046
603565834
401142095
603905035
121220673
196094758
696055598
968607092
815640076
33533844
813353829
455059924
238462175
264986664
409127284
685343794
440955543
401732215
116832451
847278571
147229341
19394787
844565504
547908614
314175941
56735216
668447596
227915696
447228710
91703237
60364751
172653744
782768679
30966803
457833739
560226286
937465738
93051526
697557282
766731894
251566378
550052898
495499433
528019987
945189696
53488473
929018508
917517228
664646593
461301864
527254248
49884506
818974380
465335730
580277115
801804387
452688671
544557136
334065684
570619003
789033324
411015096
395546918
246872216
936255575
994790448
21376946
863048174
536152222
664109301
375869168
950957671
916925801
500333013
326632554
513098254
864825951
223006615
655736656
802763743
256700430
713954098
772940448
239944946
574238239
457323811
498603521
270126397
544085867
791487053
209217032
368226175
608196976
275160962
352744499
427249096
386144936
988153532
965893280
20815138
579613208
38180781
876165947
892574328
486131249
596393048
9682471
358980618
194939349
575441870
801024404
833977577
369028806
533929399
972723513
38711466
998418799
121255797
204083738
770233519
134332372
785023269
597439142
27180291
178234529
504295233
640039927
698949416
602032005
31953674
11628742
588893043
991715168
888185719
360082457
52053729
862057606
931590966
220270521
190728341
938026049
612278706
259346998
223665205
537637063
899393748
823317239
969440071
799737109
31532095
463717142
357601264
85863742
173087040
92278515
985130041
441179365
35252095
454427595
150160641
113985240
477645968
548363776
206015008
252157838
429708511
480336121
723061573
599883952
110815538
809889873
946748434
645990417
594746946
628507999
410830863
372494061
391115474
292833703
433054308
530872170
222636889
373072688
866325195
27884551
45006446
170314636
464328845
85853934
23768681
689774909
621133735
130643341
89814937
988605232
764892845
728842913
788462885
147642699
984913707
717068062
562051161
282556923
958050418
976087336
610556130
184762889
126199822
236496024
865226090
504785520
955201388
4785983
433833397
741253716
174276794
336876360
154860501
189986122
199400113
323353898
710331979
305544334
904402902
642258437
68229681
11314150
414403397
431558928
710784383
246962240
374927665
914875176
871203921
31878220
102513703
517131815
865619259
30516764
265130175
814962170
631471099
383622858
918975977
123039043
289794383
902031782
617772795
453897075
640826224
492816954
613249226
558821828
346905105
581763102
843045320
892215806
191676830
878123745
274666904
100232249
762352094
946001438
72494721
625132879
213498871
949649602
139276567
876871463
973398415
32921211
917843075
693672441
558690928
451495229
730062857
255782371
683537606
347200752
341550510
38732749
539441761
258422771
477504793
250600139
727071180
959391443
181149285
663900626
245380427
771227252
596325870
276364827
579677861
691324393
209841830
32973461
892011875
198840935
861693658
757241411
746186278
573274763
395542371
914779592
456126539
575725917
100452108
531363819
250807992
493803843
885820370
491358038
435310932
46514223
802669603
286511112
775275216
345041234
431261662
906159989
154731638
406173413
497266620
851852834
339241170
601799107
204176481
865379956
357432906
691547366
643365505
917505265
705451711
794957140
587652707
282010464
532593689
923454116
503629596
418617918
756900530
976173943
991860069
705062293
246415106
161968771
790413379
44424196
292489903
802543090
424473950
759973719
581787283
852542465
498777193
814213114
277546440
545145891
99475635
830655793
560539309
584621971
504333916
318647153
200092178
392606894
804543961
541899399
880024554
158862373
213180812
593403216
524067388
114064572
239363355
752413891
462575496
311161996
573032766
339138557
844162589
425201109
416885875
467036608
85313723
820536625
941106611
60978182
10490995
262263813
361369197
785323517
986237271
935796959
75285818
766975635
608292009
250743050
854453443
283179565
870568235
876041601
637171657
332621867
834834672
283616916
582657819
722435538
515689529
358916931
279937820
939004753
633045277
307322853
860531986
244105618
428452527
933907842
555213123
304175882
665444958
720866405
376087396
840163691
643980007
752344814
8806963
705505800
636783203
655212425
570598549
478635776
694902696
352664219
163256970
99947423
731062189
664813625
623830600
728953997
320081950
288170036
293908840
820218887
796725764
922267976
656333928
294037621
554739005
518464266
294704829
646560105
394133198
5659116
273504635
290674566
927397098
341940385
981662460
792761617
459731920
609974096
272996702
637052309
448198536
503872090
382732076
590545486
689069857
189460375
777862556
27325758
857418946
423982855
901432667
344617387
622296473
942309585
938829826
652408640
761977499
229064211
516940221
583517291
846605269
997302493
723409199
121768891
91512816
10452612
962783679
506511625
190554652
892696023
40054496
464125841
182788402
619839779
267964598
15109915
823764852
212949883
745786499
847233050
51923069
227719483
177527499
225443953
254010408
417058503
688678830
587619582
163364356
838597114
658762503
146370845
676138973
202852779
427501809
35546891
464470276
36151807
162268946
977456577
446904227
587317173
274781436
845257106
764517212
979127336
686058041
515051132
505058318
359894671
394152747
358702764
815147054
376856215
690599425
973630933
906586390
696659214
640029519
425021790
618880649
426886305
298151924
249114980
637112419
723735
865400218
214112771
885474101
123463319
759645322
795105409
465939858
651598368
336658628
471287809
352025992
114478918
102000322
552649657
741127235
149708625
991296490
161219767
206479087
327258421
48338784
786647089
524431108
40240201
35409005
313165066
333074856
580394122
800469236
194617379
468744971
74140844
797340811
575024024
106741244
227553043
313569122
730349188
164612696
398941464
756753325
366182510
273998412
555437445
462786362
911415010
313649897
498651678
901183978
91317994
528086408
376560946
571632478
93376250
947243209
611046184
666170134
213105345
535106847
519441331
682182588
268886256
513289636
12369603
606961557
387764197
930155016
886156552
473088494
532591892
409368671
26040029
435939018
669271775
803542621
63490755
557889098
534175610
805192646
896746643
9644403
847573800
734036090
809983132
250005667
921237885
693448189
30663870
866960592
169456898
227869190
595260012
141482024
499483820
361160563
772995547
24696627
468178703
239639010
343091917
812011463
600761122
863981589
557119807
916263967
102516106
196942033
416428448
752947941
999628820
847096192
360935572
103383458
511544538
192218623
967708868
112288804
889142041
570952502
361161626
380751914
845712945
373642172
292169358
243423083
943051454
427777935
333127888
861591069
911744363
712106751
609000192
29071554
849016983
422981848
948743912
820000512
55205044
921209161
964641058
184284225
804436301
461712958
873814171
251958283
597244833
589822251
808817200
407819976
514440132
286857356
630330174
97069051
411838353
768102160
946589668
425496322
868548615
785323013
901236622
957918124
232934369
860484069
783196687
931049866
355548804
455547005
519944176
442092553
111509978
253188876
841447066
17895859
695051121
698088569
875636303
61155554
325677024
490425731
924224626
453097393
151172777
282802390
911130870
465114068
279849117
756938611
872576381
606557587
441620419
514608135
309588596
593594480
487817255
922810258
473205950
374045106
403129612
864035833
394856392
440763743
308207682
296908038
988279000
814596095
823425082
138289290
727472340
710241841
594099580
110452860
914535850
775840991
371323280
194659302
53770167
301084650
944613895
264958482
776022430
506332184
595345004
674763453
22991078
500526500
368894662
814119533
152644347
154992872
895094876
123073545
258805420
499158066
396364609
355486463
693050945
1710837
66630966
583605119
813775582
499658620
493051803
822745553
183116824
326368976
449077818
798972750
682277107
65699044
763701699
97620431
136707084
159193871
611594393
593813516
631731987
99720166
129722793
562859649
610241334
325621313
531782199
271390258
839858880
25849149
760503090
226077073
404956956
862874427
793170429
937095862
361479848
743848577
7762157
398859789
981055860
989582475
509165086
299178346
250564699
525934134
645097251
363403873
472020232
97960866
595453141
143965234
587344633
862879605
740332230
784815851
375576031
879420206
798682194
920357133
56306573
398120904
800232901
527524338
12158290
581032264
529968552
289898066
867481299
544438075
835027179
783570632
648664291
7571805
780851213
692800093
757630821
345803944
223500963
508558748
856614277
928687143
618285879
895755864
975675148
158127487
494745598
180105419
910161619
578175739
794620549
592654972
386283781
235189304
969459599
950240168
279088223
3701728
575689036
996570428
84336697
357325533
125859495
188838736
690904005
500620034
632117116
483532429
831853195
426746153
464844224
259863369
379910038
665716847
259344391
678401707
716510370
169308213
505090639
14520485
737759305
314588638
216542183
230808052
76208804
656171949
742096028
471389347
959967344
780207926
547480417
398635299
702217558
202983602
808985238
372445830
792240429
552303450
710013652
494170828
482699468
386736736
275368584
157873404
354124155
769569081
876199814
612361218
542026726
351319411
750199729
878673953
229478347
776881388
122860044
568850889
752897697
862864162
980642637
449909537
894815899
234769470
437192428
472944102
257553368
754854437
204662737
804173322
572360289
572574676
912190157
824644514
553410479
630861136
167681686
136585263
511591609
576115002
439344746
263910046
939258385
777652571
396797190
145983168
737275857
867200664
625527829
586879362
945823037
935860371
591712485
880544483
78454528
650813065
868215939
263911132
443219977
483930967
208428473
169863042
872164373
362471881
606407867
486366896
206640492
695490486
355346115
127148878
627619244
219713447
321087182
120487281
982060072
332148531
83535252
929935699
92319852
948353792
144733753
317096963
527650075
614870846
47560097
794634920
913358928
227459575
95775153
622370529
287256818
798397874
4602660
139777986
346655737
613322484
126276739
58626870
284516769
943444291
20432021
219509037
848461937
40769935
810852060
426676557
285480147
291979536
108007803
701934388
729732239
499962431
439408438
52826136
308154008
115835738
274101095
286835045
961989449
488121809
255060237
709124258
770427755
60405028
674827293
883058327
535029667
726840955
336817056
536748023
223991351
750611959
257026036
65282020
711673073
398096435
295575186
435850704
366976370
419728795
204445572
862545036
323639665
731711113
589187693
198113903
145282472
77748919
663911012
154825383
207599126
263598389
706718637
58155953
441582127
572816632
460790188
256434225
543206618
971332634
119782006
372792619
794640181
598446463
365044996
823721437
283767462
411938773
247310927
920207642
169829558
851416773
743182067
113168170
910310271
777054937
7617368
848896820
133794308
889607481
701535107
519509587
192586655
640486468
456343317
865147774
749576563
307968594
557575159
684264492
662762723
623399024
529223921
671103866
707692670
364270905
732706324
530548069
144418252
942316772
873686144
417545545
332119949
137553980
308261523
315550289
486660317
509161461
592595100
942266363
369462491
328083218
752329016
898479325
298647954
74445287
537620252
751094371
517790975
960603704
770087582
762946177
369421427
88693224
437270238
279397602
255217042
583729145
991213123
29052728
21802796
677497270
73333992
118685997
920803860
446831158
110430006
38797553
797853946
616782448
181550852
660012375
946367406
718154309
822322802
656349806
735933125
360264959
902276944
100616363
674261376
65063405
920127393
149046167
92191556
341982204
100109187
552545154
148111896
528146520
123566284
550700133
571287705
179078200
258017220
235989723
402889717
683378955
989449840
209876703
578796785
259759283
544587409
800606080
624871353
853694590
478563802
624751001
288577819
925255080
649271210
432453739
776433886
299317659
913183502
827431271
204156161
550562726
543752671
504787424
770380085
291375934
178808294
47602312
912282998
519518719
278294727
383100344
411568171
759885436
717448275
384408678
270848177
159551052
632756552
362177727
908972076
800377702
24047684
157118544
807455003
721052888
933184675
669058459
631605514
959241884
442041468
926606939
486829589
172958032
257922907
765950620
138244195
495566978
913954749
840133278
886966869
240797236
143768558
902966037
145440962
233555616
110083950
309584000
981595977
554836009
223961755
515622220
13372330
51157406
553586698
131559513
692055751
890247613
193724341
701342093
722212516
238787384
489661210
400799681
812504292
894128481
730383334
694862028
568370904
884450056
184832055
674642347
400881149
637049530
316351414
476438508
217254150
599737671
486984404
233039470
377316099
799479252
969229443
141547945
992035951
285881225
985659091
617850774
102202557
930282910
798108032
596472132
750772064
264858750
808165496
207379942
925044763
14829026
951115899
346418243
820198983
269004857
49226070
169049689
347148415
717496130
408919763
387161650
975174765
696474161
131145921
670440423
107938262
727765735
107949851
460152450
730406196
430729203
81332742
199289957
394048621
683442361
736551621
703797605
973049494
514356700
708156347
77510446
21029482
79991496
591447845
857362598
463195350
190783729
569466925
318734858
312956441
710611660
372645338
320120150
781083419
45935609
853899402
716959160
917200481
848763818
333726111
649201481
855419440
464993608
295567471
192924748
615213940
619531216
106783562
83309712
749284091
887349543
419601534
842245008
754976368
213550839
375616328
391407941
904833139
697238688
396799644
20409410
616626744
935772616
646779805
456636594
778956579
796953955
895008531
66646208
675121793
29203178
912224934
342914717
874989740
589125585
602277459
31199975
733993822
392924774
272296860
907314289
671870537
391883244
500557142
885799782
279097256
371946099
7842065
685355332
684304097
477993181
724422171
309163599
339082296
976719117
598319387
43698869
385308080
312377605
172792759
774955700
786616007
747362937
961295640
877055177
909515247
290567691
609479998
448955510
692446359
298620159
845769953
749821409
884667024
301344455
843672393
304668646
292853395
660210218
663495047
355272150
769038245
882233275
964177992
434491969
385041442
637751994
811410644
891954277
843311799
913222268
598763476
437688976
235575437
520474878
373196037
778858549
883662569
905838909
44907345
143096847
931937083
290005100
514428260
687720779
954816955
474215254
527350162
284874027
38070808
907008011
446054958
18462736
159986955
499201035
167493681
147849939
859905661
734534086
213359474
604822991
946465346
34261625
84153653
452895040
56505944
916631495
146357774
501984314
491099006
19603760
60781199
64215626
254804152
66462821
532488997
232146713
763767285
169314697
846709565
155438744
461993423
15034614
36822652
12257253
40865156
283103346
375565829
21056831
394168522
987878359
966818373
375413181
636339721
27781326
319707622
182015703
618540379
355950634
962651648
108756007
862574673
245740498
300045125
469891618
174458698
912468508
94901654
510890777
74506929
26514105
235923071
229034296
197663406
294542404
91626093
95038114
395199969
432998635
356126867
18064139
695725029
829519012
245458760
181019650
108441403
542447852
602915697
643845352
754684679
239921490
507958441
721107042
481481428
902350913
438774136
945957961
56907028
403051847
761930314
667170576
20789501
79403212
824846215
196199355
70446520
66589319
394267170
912117696
411870076
723232847
236847038
180126584
236773807
912025262
698010859
708048879
927861163
664612058
237678701
910514658
939491459
60167725
560940763
165730417
751425955
219468479
400130318
931680805
725564529
204124834
38906887
900855117
448025961
859564207
719103119
505920117
960849215
424229099
890673954
533992227
421471545
153174349
232561109
306071541
916204318
525154727
524082490
787235117
141040132
102291640
23472295
654149048
625036784
730185161
794062395
817764475
50587169
463223543
538883779
773185699
911532900
782160944
960241953
278134367
323420240
279989453
363006692
901966996
677348924
913652361
843574105
828949233
817573778
676122710
449276743
795789603
257695703
894198602
841594735
849378562
746651547
193179967
309182494
827670747
534589753
414286207
734509181
939425731
802573332
917206459
73396848
659541796
141158524
52795105
814377574
895574252
556573362
95771895
977106497
296434807
159406911
386020825
390970590
526921208
944382574
657871036
681472666
74415054
535967323
593193040
31935495
424096981
207308490
989002716
142682136
942312606
389669563
685855231
888520519
214129385
573795021
676900626
19251042
537649087
874380351
696887431
905439629
432024578
381256464
529811615
441119673
371759989
773222071
599634234
240473104
87817423
385802879
345420359
272939701
863133161
228713072
54540911
430295097
816538427
333222413
769271474
841231482
22668972
167951428
127743386
328512000
291143980
463182963
340457509
192180262
17656720
787092737
421242701
808761423
635207657
107267680
956650675
421269940
85786269
859717158
420067304
983057007
738906768
942186396
658175696
460134747
262525736
149226923
988627903
173388356
300699371
568473973
153596378
662630955
382861813
401181414
274325164
426766109
327429880
36548420
996602212
20346774
22502921
661464431
228427637
352319306
248128405
382643219
594954763
499301045
598338627
250558978
636033314
899474655
110309727
63652714
510932572
357822696
125812428
646395267
102506608
884949664
163045973
304104868
550695604
475769672
294594302
550162923
70173026
996215407
98215007
412780397
859371041
22661758
70723974
908631489
226975080
79874584
637624974
217097929
813072523
514585041
510615543
775181805
648853633
383657597
649080092
146280936
128851144
533266187
408303778
365169696
948052363
9953812
172673422
464492708
80231618
532028489
906014813
248808464
420879361
539667846
112911694
333309475
669386964
582761735
914855087
553124454
302938150
127171565
554474436
390167636
82611814
536073435
757433416
981219298
692207428
303052150
9230798
935608271
51535018
164087456
404182104
266794668
56775850
492783365
962517130
192721832
534861334
393177265
546764395
980987420
709173457
153796936
263197998
681612080
707378771
8283142
395793212
38808926
830019495
514039599
725124848
797223256
340278374
881147906
17137198
347316186
21741171
651394719
688514632
286679091
782080971
155429916
310969879
46527713
57102370
322264503
976207617
824010635
938894589
965020158
442557098
590060304
582878800
923183050
744801354
892678930
644150975
592760889
454674972
215621240
778878224
445086075
912911400
447083543
287896637
762185214
746041831
283744744
341665895
821890859
92249150
334840861
59467237
163090858
369278099
948370000
768669940
523729048
739792790
633875431
780411579
26656055
129028514
445073048
17741108
229363150
450006095
591893403
35301881
219454853
654311806
570754918
341513989
952395835
967778846
804719336
463127469
251099274
16255219
119103231
560141121
773045255
150195653
957261515
505661194
418391337
539565830
201861372
985310260
258701816
853750907
770779443
496083214
103965581
288557952
370226392
966369648
279916777
412684593
709377890
235300192
112577102
850704683
913604458
996339150
944661047
805407088
116498482
300013576
402211323
346005427
662182971
547849918
70044242
60320081
12968560
440079979
378605681
871208037
450806201
136866738
460450345
420139118
538647363
42335803
83476144
774906854
635600684
813733763
471823171
399784891
692425105
620792322
241059539
103629671
961817354
889905492
707922755
970264149
797563837
679144815
996072843
411269559
62065015
825328359
277223378
82087728
43260954
746936835
947159801
865951238
224374703
183295152
478128082
493573504
338502567
646278579
950328026
196829013
897335361
679632040
723230724
586868746
496223291
639350213
392094757
788555101
65602531
505964579
309329091
367542789
197540466
66089292
156264366
36244809
327490537
487515971
691428671
311395791
223393063
351390084
184235751
100076507
92712982
914633861
941024133
839731445
212283738
930639164
753154684
240408621
873992756
603843217
866327520
94162104
664430120
2014046
11930906
479044483
100341660
776702287
447527243
797872544
360502266
181816453
948263259
77353879
966415338
108221778
210639885
693738186
187244503
338846783
482313201
56137383
673281991
751157861
807251615
194127619
12104500
277569671
179043970
610440074
8561542
834674790
233490279
637283635
4432713
123329325
826122331
178907681
93736208
672053248
528149237
65922076
830734641
486158110
53848452
384622704
981291323
687434761
428963370
285973449
610666529
703483644
948624608
728565031
39500995
800780536
504502086
580942744
407984205
372567755
16027120
721695849
97715853
672553126
294057344
649405411
338086502
760812785
510620693
866689678
419586568
477359948
467281154
782098898
644503564
414868716
4649350
727632828
739838902
254767719
519814141
699815471
238325916
667876370
30847249
906265404
239420031
688587347
111044533
335394543
376740437
176825979
143599553
679961891
413300301
348781030
278477844
586506035
996243267
434115140
433260519
539325677
905568660
378589887
262379594
673187204
299756001
312086739
835527843
960757441
352542535
784504819
464210070
331891748
168023132
254182147
924265853
481019074
960757248
986706771
489926540
526838126
35063452
810476948
950862489
590228474
366684423
126379406
643786213
405232543
381882988
930872230
670683924
113096980
299328971
440458101
438569483
975923851
370629449
757721799
19307846
421519184
838848111
735804023
911447908
740429416
305742625
110304606
510528313
451565774
266596136
892426541
878230684
76670639
31123380
470658397
588728920
608356062
583092822
772756279
627358645
38563668
804079400
409915563
503482087
959163992
702487538
248662182
910281110
404609722
657594294
480063481
709950252
8278595
263724882
984618836
898939372
694919879
243223058
359451795
787294198
534338830
336045396
416479303
62737709
358515075
425627936
290148495
409004764
37237244
204737981
265529884
282340660
737611687
138129140
879092318
516610302
975884453
121786896
299180636
991650358
4215598
407892567
138008943
308920104
591577678
912164710
255795652
313835574
222801546
797736605
800529788
604135744
747955821
176059236
835594528
84489833
857537522
85692770
993490471
940666465
636238572
821515841
424776415
495971315
28552851
225536835
513281240
150957448
904299692
435036952
687089489
79978415
632341352
545765534
470132177
704954777
650881408
458539107
669413008
213581087
286857173
517484642
758969481
798494289
204287784
300004764
637601862
57241152
916348364
970968895
550260857
541724728
896482617
681152414
837471676
3224747
988101198
360740592
618950689
704986738
514314082
144207897
523896608
927943634
270843629
208215489
966333090
446753151
914023095
768064699
527700468
63804775
867023371
795063215
216877644
137318781
232354573
10293149
280060965
682771875
656372666
149638717
435435673
624926587
171069782
530968448
111983064
281473111
320867602
404861966
862591802
765080450
669580223
473756854
747665158
965771604
307604209
861423870
371139777
213957887
859893057
278865634
205805945
446971127
136847978
609423517
894999325
642010311
681437571
912724140
673390837
695252389
416639938
913650644
891108472
9935041
301117533
215310408
664335817
322281358
258230081
337164880
884936622
135246525
304356413
210979861
469650749
469047391
144756270
10385309
948424170
231550996
973341609
982061903
208670531
708980678
624230351
154334529
412321072
315815251
432552
627064851
410730544
911010321
799320668
246259064
52514285
569177398
741728421
566732974
290103555
437711617
306414358
22434354
733704091
728155300
483278316
315444783
782823164
602935359
331169272
264169465
184582720
694076035
651351165
807628605
453165308
540638496
560299464
252823291
133825689
332562741
796875869
42746762
43462134
977370082
260839473
111665394
805467305
141754754
922301509
627032809
132383566
525745977
862878994
766195607
175585220
380174525
455352667
24776430
746585946
793486896
911897111
23713166
338685614
345656142
191220017
232878336
51176343
724012520
178927908
308018880
762088394
80917737
421248913
239319055
384759609
652396300
758606246
906823390
114383004
721405137
247269437
186498424
374554665
241724159
611986411
223271747
968799136
267623221
169312278
418783474
250398090
969843974
638747808
178472197
620067576
529048369
177386289
533975494
832993379
472129027
320987066
906005380
378227189
399095948
770482406
775590017
706093368
932681072
57934094
470693738
355434577
553104635
797370993
852351395
366218847
228027285
253053398
406734859
189622012
569819882
191359611
696765136
756167193
349996564
103539515
961607676
301209739
926386030
941279566
951560350
772509335
93164739
887070708
935559203
650907373
449652308
502449682
870495805
518758493
203360360
988467370
858075271
646866560
636261184
527462757
175713830
32487662
707126600
728502444
534879881
781814042
913470325
932407408
151949731
441809055
105208996
981661371
200250646
901345113
824262652
357511017
85012225
391046910
435257525
986680072
299360464
206017923
483788663
66452925
793594564
854191484
105210177
