1
3
13
252
5467
585156
55314571
30840599664
41135780920091
141699428035793200
1076219181465963458421
20319098765201060331872640
927765729009278883954093914869
110082333761633416221960950822976000
23332845249361986080003008966839193384687
41124363998911466905983078860010417379394847216
67778220945843103681062741636941696849311296863889645
623739640951164306913142116934530464004472884361489827123200
8549771659676129918878826416263860835728767481136682493169368783091
392991531348116264702542749262855020838424776848377421916965762482550555840
48062004273009418694812712191621490880265873670355171001943239242227182537694669467
16058785282836883444734459023632980739884325374238739292875018553447617009917788733440000000
13517447228102449789311662417227760428448415375124603440816558768367104597142027915554682253491675731
23182260414265836549223259700051997544741980874061447270036285822393663931410605057111224489327503147145866240
154075175225142449557836557852524322230125742457569898957872052546173732221333780128261589224902201206979496090141787115
1697905825964583279991727734571857629959108135905383568276483363178136771023136256114497422592125150460095362607833404422400000000
88935369382820248583181709020700344126356614078491336460455063179827561722554452984966481866406498021768639454740160917368776897672095808043
11279988435576668267466460612553292461251292064463776431935911602293675912336742732760890635522844606211660816015840040582732989284874213448330899840000
3392746241603169469778770653545521606082225157865912468205809017212878363179788420814523923638069622519761857587330416229090956981829411226748810852198516447338341
2633427854530114402265206984620681894034686145500599231982937433793148677299363024328636004579498440047288201611993960056712365505133428949467363123236382640357402104012800000
2821731505440625220687140612076169609953632070423563454683946418182751400893946874605861864166271253831475281488033278744616401810663397311529600484241611746635749159349283007502239106139
28424314705631128206010363408354146059822632487471114161166035296816064841715974948403331722713374758471979404408673575328163072729021562731068181778425240578770107052540030400238454036352563250176000
439043383967629944252425707000672807323646592219623176052690999964580730755779715763286819837395932040255129849658357370536591979996342502671977671664868399937162976016753522146337316819554730558753725478867101919
15923218159896853349564911754583869883885171184727171911155473944018534643534642386748843767875556227393909152319375723263194136570982304563384477765979903441331773270089799957261072776245877338517105202236094139688617508864000
1981830655994222891238517824093435113219559211715656373098202621915263442845378538326216302413037170991308557764639507774939884055730345404750002614143572413978027647589515874581784379122532152594107206041622328879602964034787664753332840775
565299861529329661899548230348505954648065472857391362994399134593767950804073812192051789271846831493180541683239924853130685496289325366461188681469179481858772884695231517267876852175237672487871722585326041012109621416707002134224969129757691786035200
423089330602590576639285685489203997236771791904142331659947583138303701524239651649190820222972601249397505665110136567295320090605111366939522935802846543789204988756099597345223816682155797476360904833615192750949398700070187182145571918578304614858419335868010550225
848408450984283262659675840455163378552282429756885083671302736121539964124828719642506942495060505229460566249448163617241582595892741686923157697883717653930226114622364404862672786542438696978741000228902546866603587882004423088944752953766264567295434309355680400322592768000000000
5073430087220675651034264761824781501999574610540661603880436056262034052395667860690226245766221584617300344980099857413480722750521573332974860795215230858056040390959366003576714291580388701386518237697811204177830371519673101344189879745645053838962649611650377255740208609126316940249324846685791
75171389826648868238658165527211122966247588652782693486167359344989825981089761563581778720394187095593202840545207406262859060816352068839390118509300138565858402511428956654637459177888201012111501395007251863605625614287111368597915037510914909044677547585481282711886174212157330282233225794236113370646829465600
2627498404195812795903497834312875874232922021186223146598364767926230757761290697590018773622702615741738284214031328361886249324590764397097943639919431675802887623312438146194591037923766679087637233395514926780532073001251585944934505519710063126580318190496361687889840969268389919573535472523048072455750365677354141062912235287
327529261454655292346009658398355929115311612950194115237859463491245424216011425923061183359558155994545639403618846108662361594416068647915493234678784558755267581156492823854656433278349354087550496188756111943259575246653240878270209866699518146196779932685094624586009678720933543288237367754704765832304225882873409365062903140336218931200000000
87512285247582281411600609124203148588748688659420374314075484487561431357025504027759047590516998443393160871748828757575316140011059319394734311682677486982617314690293961206301626459764313233903214319958501540233601129730589163541648077989706814206321550957371838675459778913096078192721840220075056752829116085717162682657857504626781058452301503064851903352218877
74124013068218803128966139292821804485409075664081125829636278322250012854152829679638448311477516676908144597394962974035693564951989178967419861634523158386047172900968845182458902442692905358420974627327591193359276615685574426114513249646164899952903687168096230473634795824985813949009960403449671324154547465563946183907046245147682059229097594100972754294084060570140571693875200
147320073767831858299950205295313581871758819744140930348874468623470963172559296371399180217974947675439901698787542075275769187132217798454927045226670410886289393620482251827002176190834680651694407070082715140248884308747381263631092841044307432528301867467184648092509196093766535481259601023360785824571688805224490136337503863521860272861811701517454199513767976459763615566043512499531872829350951
858732001057831186345443286113189308126980563960587025930962123551188952936866455936169750649182058197028627866666343463650843873469836812296283856433100659345153090438113207996717719338488954346412502129519354286229791527305912550268954012587249818352630202547054292004422225159366648433236568117590262755416998145797602117086148140623749374809608726117739925432704552200983708911663398499815192945841798032825516032000000
13156052687350437806953369149935774498118849243408083739502308270666411276371419442569914493551054498227585365774978161751234617422818696670230144489022549014102376690258060119773643660146910258282032175386921511243957904073440275959501297787041529052971560872048398491604311464398944534707231120075980076300188422179797967897729471405678564088685210071200826601067030443230601956317642324343076425491555005587900162133614092535446075653156275
454834026782561392521753782555395155814903296002471023061108237821171876268682413543934412984731198368925953386944533566781481548977404934342260059295948148274346053559076440651009502110217417630463282285882024479782693781887571806619099080531382866843468506931073205605353020386929395948435819494772845582898260356411277229354780796700240863308616499379518973895858885408733024283671867840128579427234305960460113513945115066778077783737875562292097286819840000
46057957971878756529003373153324374792642356200841811347927154287514920606656522683131009873624699992514084985245767903287268168214207949472274985361066456765845281292940838197282380581887376365312206807457481638759875344887105130303178631925187178491032987754864482832543457858380322587989005659073341185049852365297105762750948578969204911957804462425011078688320119648201377748128525488871047804370410019875790967958411936312261854803376714364186008882153868967323171122244961859
15826478940220140577330646259419484057256292317318058635438463389010654678374926959325733022434752729741034592403515276925688012593001639375114376941118030325875841836870243118856375669520978144002141897599996689072430145038312481019885748908703255582573629170686323513759520361051004855622327800983583767717829065999914694422444053248872780570989642333171120374055707778400624579148486575725909168297527420734659115224127482976364656323496092971542899058699804014069628906834903425166782024908800000000
